56.000000 0.448640
96.000000 0.488480
136.000000 0.505580
176.000000 0.520150
216.000000 0.539040
256.000000 0.548530
296.000000 0.563790
336.000000 0.576720
376.000000 0.590560
416.000000 0.604790
456.000000 0.623790
457.000000 0.625220
496.000000 0.648760
536.000000 0.679190
576.000000 0.697860
616.000000 0.739870
656.000000 0.776360
676.000000 0.798180
696.000000 0.836780
716.000000 0.896260
736.000000 0.982920
738.000000 1.013750
740.000000 1.076140
742.000000 1.169990
744.000000 1.254940
746.000000 1.284180
748.000000 1.268800
750.000000 1.238790
752.000000 1.212940
754.000000 1.191640
756.000000 1.177650
758.000000 1.170130
760.000000 1.150820
762.000000 1.131500
764.000000 1.112190
766.000000 1.092870
772.000000 1.034930
776.000000 0.970570
786.000000 0.886860
796.000000 0.855550
806.000000 0.834280
816.000000 0.817810
826.000000 0.809000
836.000000 0.803820
846.000000 0.778766
856.000000 0.753712
866.000000 0.728658
876.000000 0.703604
886.000000 0.678550
896.000000 0.653496
906.000000 0.628443
916.000000 0.603388
925.000000 0.580840
936.000000 0.579210
956.000000 0.576980
976.000000 0.579390
996.000000 0.579890
1016.000000 0.581940
1036.000000 0.584370
1056.000000 0.582680
1076.000000 0.588570
1096.000000 0.589750
1116.000000 0.591310
1136.000000 0.588200
1156.000000 0.596520
1176.000000 0.599720
1196.000000 0.601100
1216.000000 0.600110
1236.000000 0.598280
1256.000000 0.595440
1276.000000 0.595770
1296.000000 0.599390
1316.000000 0.603020
1336.000000 0.595640
1356.000000 0.598260
1376.000000 0.595760
1396.000000 0.594570
1406.000000 0.599950
1416.000000 0.603559
1426.000000 0.607168
1436.000000 0.610777
1446.000000 0.614386
1456.000000 0.617995
1466.000000 0.621605
1476.000000 0.625214
1486.000000 0.628823
1494.000000 0.631710
1495.000000 0.636650
1496.000000 0.636650
1506.000000 0.636650
1513.000000 0.636650
1525.000000 0.636650
1550.000000 0.636650